1, 25.0
2, 25.125
3, 25.25
4, 25.375
5, 25.5
6, 25.625
7, 25.75
8, 25.875
9, 26.0
10, 26.125
11, 26.25
12, 26.375
13, 26.5
14, 26.625
15, 26.75
16, 26.875
17, 27.0
18, 27.125
19, 27.25
20, 27.375
21, 27.5
22, 27.625
23, 27.75
24, 27.875
25, 28.0
26, 28.125
27, 28.25
28, 28.375
29, 28.5
30, 28.625
31, 28.75
32, 28.875
33, 29.0
34, 29.125
35, 29.25
36, 29.375
37, 29.494594594594595
38, 29.61315789473684
39, 29.73076923076923
40, 29.847500000000004
41, 29.95365853658537
42, 30.065476190476197
43, 30.176744186046516
44, 30.2875
45, 30.39777777777778
46, 30.490217391304352
47, 30.5968085106383
48, 30.703125000000004
49, 30.809183673469395
50, 30.915000000000006
51, 30.997058823529414
52, 31.1
53, 31.202830188679247
54, 31.305555555555557
55, 31.40818181818182
56, 31.482142857142858
57, 31.582456140350878
58, 31.682758620689658
59, 31.783050847457627
60, 31.883333333333333
61, 31.950819672131146
62, 32.049193548387095
63, 32.147619047619045
64, 32.24609375
65, 32.34461538461539
66, 32.40681818181818
67, 32.50373134328358
68, 32.60073529411765
69, 32.697826086956525
70, 32.795
71, 32.85281690140845
72, 32.94861111111111
73, 33.044520547945204
74, 33.14054054054054
75, 33.236666666666665
76, 33.29078947368421
77, 33.385714285714286
78, 33.48076923076923
79, 33.575949367088604
80, 33.67125
81, 33.72222222222222
82, 33.81646341463414
83, 33.910843373493975
84, 34.00535714285714
85, 34.1
86, 34.14825581395349
87, 34.24195402298851
88, 34.335795454545455
89, 34.42977528089887
90, 34.52388888888889
91, 34.56978021978022
92, 34.66304347826087
93, 34.75645161290323
94, 34.85
95, 34.943684210526314
96, 34.987500000000004
97, 35.080412371134024
98, 35.173469387755105
99, 35.266666666666666
100, 35.36
101, 35.4019801980198
102, 35.49460784313725
103, 35.5873786407767
104, 35.68028846153846
105, 35.77333333333333
106, 35.81367924528302
107, 35.90607476635514
108, 35.99861111111111
109, 36.091284403669725
110, 36.18409090909091
111, 36.222972972972975
112, 36.315178571428575
113, 36.407522123893806
114, 36.5
115, 36.59260869565217
116, 36.6301724137931
117, 36.722222222222214
118, 36.81440677966101
119, 36.90672268907563
120, 36.99916666666666
121, 37.035537190082636
122, 37.12745901639344
123, 37.21951219512194
124, 37.31169354838708
125, 37.40399999999999
126, 37.43928571428571
127, 37.53110236220472
128, 37.623046875
129, 37.71511627906977
130, 37.80730769230769
131, 37.841603053435115
132, 37.93333333333333
133, 38.02518796992481
134, 38.11716417910448
135, 38.20925925925926
136, 38.24264705882353
137, 38.33430656934307
138, 38.42608695652174
139, 38.51798561151079
140, 38.61
141, 38.642553191489355
142, 38.73415492957746
143, 38.82587412587412
144, 38.91770833333333
145, 39.009655172413794
146, 39.04143835616438
147, 39.13299319727891
148, 39.224662162162154
149, 39.31644295302013
150, 39.408333333333324
151, 39.43940397350993
152, 39.53092105263158
153, 39.622549019607845
154, 39.714285714285715
155, 39.80612903225806
156, 39.83653846153846
157, 39.928025477707
158, 40.019620253164554
159, 40.11132075471698
160, 40.203125
161, 40.232919254658384
162, 40.32376543209877
163, 40.41472392638036
164, 40.50579268292683
165, 40.596969696969694
166, 40.626204819277106
167, 40.717065868263475
168, 40.808035714285715
169, 40.8991124260355
170, 40.99029411764705
171, 41.01900584795321
172, 41.10988372093023
173, 41.20086705202311
174, 41.2919540229885
175, 41.38314285714285
176, 41.41136363636363
177, 41.50225988700565
178, 41.59325842696629
179, 41.68435754189944
180, 41.775555555555556
181, 41.80331491712707
182, 41.824175824175825
183, 41.91174863387978
184, 42.00163043478261
185, 42.02324324324325
186, 42.11102150537635
187, 42.20053475935829
188, 42.2218085106383
189, 42.2484126984127
190, 42.337105263157895
191, 42.35994764397907
192, 42.44453125000001
193, 42.5318652849741
194, 42.55335051546392
195, 42.63769230769231
196, 42.66352040816327
197, 42.68756345177666
198, 42.771717171717185
199, 42.85854271356785
200, 42.879750000000016
201, 42.96368159203981
202, 43.05024752475247
203, 43.0756157635468
204, 43.10049019607843
205, 43.18634146341463
206, 43.210194174757284
207, 43.29371980676329
208, 43.37932692307694
209, 43.40574162679428
210, 43.48952380952383
211, 43.51374407582941
212, 43.53773584905663
213, 43.617370892018805
214, 43.70046728971965
215, 43.72790697674419
216, 43.75208333333334
217, 43.83502304147465
218, 43.86284403669726
219, 43.94589041095892
220, 44.029090909090925
221, 44.057466063348436
222, 44.08130630630633
223, 44.16434977578477
224, 44.19308035714288
225, 44.276222222222245
226, 44.35951327433631
227, 44.38876651982381
228, 44.47214912280703
229, 44.495414847161584
230, 44.52499999999999
231, 44.6082251082251
232, 44.68857758620689
233, 44.718669527897006
234, 44.79914529914531
235, 44.87978723404256
236, 44.91038135593222
237, 44.93291139240508
238, 45.01344537815128
239, 45.04435146443517
240, 45.125000000000014
241, 45.20580912863072
242, 45.237190082644645
243, 45.259465020576144
244, 45.282581967213126
245, 45.31408163265304
246, 45.33780487804876
247, 45.36234817813763
248, 45.39395161290323
249, 45.419076305220884
250, 45.445
251, 45.47669322709164
252, 45.55039682539683
253, 45.624308300395256
254, 45.65649606299214
255, 45.68235294117648
256, 45.756250000000016
257, 45.7887159533074
258, 45.86279069767443
259, 45.93706563706564
260, 45.96999999999998
261, 46.044444444444416
262, 46.06984732824425
263, 46.103041825095055
264, 46.177462121212116
265, 46.25207547169811
266, 46.28571428571429
267, 46.360486891385776
268, 46.43544776119404
269, 46.46951672862455
270, 46.494259259259266
271, 46.56918819188193
272, 46.60349264705882
273, 46.62857142857143
274, 46.6543795620438
275, 46.68872727272725
276, 46.71503623188404
277, 46.74205776173284
278, 46.77643884892087
279, 46.80394265232976
280, 46.83214285714287
281, 46.86654804270465
282, 46.895212765957474
283, 46.924558303886954
284, 46.95897887323947
285, 46.988771929824594
286, 47.059265734265765
287, 47.09390243902441
288, 47.164583333333354
289, 47.23512110726646
290, 47.2701724137931
291, 47.299656357388315
292, 47.370205479452046
293, 47.405460750853265
294, 47.4761904761905
295, 47.54711864406782
296, 47.5827702702703
297, 47.653872053872085
298, 47.6828859060403
299, 47.718729096989996
300, 47.78983333333336
301, 47.861129568106335
302, 47.8973509933775
303, 47.925577557755794
304, 47.95444078947371
305, 47.99065573770491
306, 48.01993464052287
307, 48.04983713355048
308, 48.08603896103899
309, 48.11634304207123
310, 48.147258064516166
311, 48.183440514469495
312, 48.250160256410304
313, 48.317092651757235
314, 48.35366242038221
315, 48.38444444444448
316, 48.451424050632944
317, 48.488170347003184
318, 48.555345911949715
319, 48.6227272727273
320, 48.65984375
321, 48.690342679127724
322, 48.75776397515528
323, 48.795046439628514
324, 48.86265432098769
325, 48.93046153846157
326, 48.968098159509246
327, 49.036085626911365
328, 49.06615853658541
329, 49.10395136778119
330, 49.17196969696973
331, 49.24018126888221
332, 49.27831325301207
333, 49.308258258258284
334, 49.338772455089845
335, 49.3768656716418
336, 49.40773809523811
337, 49.43916913946589
338, 49.47721893491127
339, 49.50899705014752
340, 49.5413235294118
341, 49.57932551319652
342, 49.61198830409361
343, 49.64518950437322
344, 49.68313953488375
345, 49.7166666666667
346, 49.780924855491364
347, 49.81902017291068
348, 49.88347701149428
349, 49.94813753581664
350, 49.98657142857142
351, 50.01980056980057
352, 50.08451704545455
353, 50.12308781869693
354, 50.18799435028252
355, 50.25309859154933
356, 50.291994382022516
357, 50.35728291316531
358, 50.39008379888271
359, 50.42910863509752
360, 50.494444444444476
361, 50.55997229916901
362, 50.599309392265205
363, 50.630853994490366
364, 50.6629120879121
365, 50.70219178082191
366, 50.73456284153005
367, 50.76743869209809
368, 50.806657608695666
369, 50.839837398373994
370, 50.87351351351352
371, 50.91266846361187
372, 50.94663978494625
373, 50.98109919571047
374, 51.02018716577542
375, 51.08280000000002
376, 51.14561170212768
377, 51.18501326259946
378, 51.21931216931216
379, 51.28218997361477
380, 51.32171052631579
381, 51.38477690288713
382, 51.44803664921466
383, 51.48785900783292
384, 51.521875000000016
385, 51.585194805194824
386, 51.62512953367877
387, 51.68863049095609
388, 51.75231958762889
389, 51.79254498714655
390, 51.85641025641028
391, 51.89002557544759
392, 51.93035714285715
393, 51.96221374045802
394, 51.99454314720813
395, 52.03481012658228
396, 52.067424242424245
397, 52.10050377833753
398, 52.14070351758796
399, 52.17406015037596
400, 52.20787500000002
401, 52.24800498753121
402, 52.282089552238844
403, 52.31662531017374
404, 52.35668316831686
405, 52.39148148148151
406, 52.42672413793107
407, 52.46670761670764
408, 52.50220588235296
409, 52.561246943765305
410, 52.601341463414656
411, 52.63698296836986
412, 52.696116504854395
413, 52.73631961259082
414, 52.79565217391306
415, 52.85518072289159
416, 52.895673076923124
417, 52.95539568345328
418, 52.99066985645938
419, 53.031264916467826
420, 53.09107142857148
421, 53.1510688836105
422, 53.19194312796212
423, 53.2247044917258
424, 53.25790094339626
425, 53.29870588235296
426, 53.332159624413165
427, 53.36604215456676
428, 53.4067757009346
429, 53.44090909090911
430, 53.47546511627909
431, 53.516125290023226
432, 53.55092592592595
433, 53.586143187066995
434, 53.62672811059911
435, 53.66218390804601
436, 53.69805045871563
437, 53.73855835240276
438, 53.77465753424659
439, 53.8111617312073
440, 53.85159090909091
441, 53.907709750566895
442, 53.94434389140271
443, 53.984875846501126
444, 54.0411036036036
445, 54.097528089887646
446, 54.1383408071749
447, 54.19496644295303
448, 54.25178571428573
449, 54.29287305122496
450, 54.349888888888906
451, 54.3859201773836
452, 54.42710176991151
453, 54.46158940397351
454, 54.496475770925116
455, 54.537582417582406
456, 54.57269736842104
457, 54.60820568927789
458, 54.64923580786026
459, 54.684967320261435
460, 54.72108695652173
461, 54.762039045553145
462, 54.79837662337662
463, 54.835097192224616
464, 54.87596982758621
465, 54.91290322580645
466, 54.950214592274676
467, 54.99100642398286
468, 55.02852564102563
469, 55.08304904051171
470, 55.123936170212744
471, 55.178662420382146
472, 55.23358050847455
473, 55.274735729386876
474, 55.329852320675094
475, 55.367052631578936
476, 55.40829831932772
477, 55.46352201257861
478, 55.518933054393294
479, 55.56043841336116
480, 55.61604166666666
481, 55.671829521829515
482, 55.71358921161824
483, 55.74906832298135
484, 55.78491735537188
485, 55.8265979381443
486, 55.86265432098762
487, 55.89907597535931
488, 55.94067622950818
489, 55.977300613496915
490, 56.01428571428569
491, 56.05580448065171
492, 56.09298780487803
493, 56.13052738336712
494, 56.17196356275301
495, 56.209696969696935
496, 56.24778225806448
497, 56.28913480885308
498, 56.32740963855417
499, 56.366032064128206
500, 56.40729999999994
501, 56.46097804391212
502, 56.51484063745014
503, 56.5563618290258
504, 56.61041666666662
505, 56.64881188118808
506, 56.69041501976282
507, 56.7445759368836
508, 56.796751968503905
509, 56.83860510805496
510, 56.89098039215681
511, 56.94354207436395
512, 56.98564453124995
513, 57.02241715399605
514, 57.059533073929906
515, 57.10135922330091
516, 57.13866279069761
517, 57.17630560928426
518, 57.218050193050146
519, 57.25587668593444
520, 57.294038461538406
521, 57.33570057581569
522, 57.37404214559382
523, 57.41271510516247
524, 57.4542938931297
525, 57.493142857142786
526, 57.5447718631178
527, 57.586432637571086
528, 57.625378787878724
529, 57.6771266540642
530, 57.718867924528226
531, 57.770809792843615
532, 57.822932330826994
533, 57.86491557223259
534, 57.917228464419416
535, 57.95588785046723
536, 57.99794776119398
537, 58.05037243947854
538, 58.102973977695115
539, 58.14526901669752
540, 58.19805555555549
541, 58.25101663585945
542, 58.293542435424285
543, 58.32992633517488
544, 58.366636029411694
545, 58.40889908256872
546, 58.44578754578746
547, 58.48299817184635
548, 58.525182481751756
549, 58.56256830601086
550, 58.60027272727266
551, 58.64237749546273
552, 58.68025362318834
553, 58.71844484629288
554, 58.76046931407935
555, 58.79882882882875
556, 58.83749999999993
557, 58.87944344703762
558, 58.9182795698924
559, 58.95742397137739
560, 58.999285714285634
561, 59.03859180035643
562, 59.07820284697502
563, 59.1199822380106
564, 59.15975177304959
565, 59.21044247787606
566, 59.25229681978795
567, 59.30317460317457
568, 59.35422535211264
569, 59.396309314586944
570, 59.447543859649066
571, 59.4870402802101
572, 59.52919580419575
573, 59.567452006980744
574, 59.606010452961605
575, 59.64686956521732
576, 59.685590277777706
577, 59.72461005199299
578, 59.76539792387537
579, 59.804576856649334
580, 59.84405172413786
581, 59.88476764199649
582, 59.924398625429475
583, 59.96432246998277
584, 60.00496575342457
585, 60.05470085470077
586, 60.094709897610834
587, 60.13543441226566
588, 60.18528911564616
589, 60.23531409168071
590, 60.27627118644059
591, 60.32648054145507
592, 60.374831081080984
593, 60.416020236087626
594, 60.45563973063966
595, 60.504117647058756
596, 60.5453859060402
597, 60.594053601339965
598, 60.64289297658856
599, 60.68439065108505
600, 60.73341666666658
601, 60.77279534109808
602, 60.81436877076402
603, 60.85257048092859
604, 60.89105960264891
605, 60.931735537189994
606, 60.970379537953704
607, 61.00930807248755
608, 61.04991776315783
609, 61.08899835796381
610, 61.12836065573764
611, 61.16890343698848
612, 61.208415032679675
613, 61.24820554649259
614, 61.28868078175886
615, 61.32861788617876
616, 61.36883116883107
617, 61.409238249594694
618, 61.44959546925554
619, 61.49022617124382
620, 61.53056451612892
621, 61.57785829307558
622, 61.62532154340825
623, 61.66589085072223
624, 61.713541666666586
625, 61.75399999999992
626, 61.794648562300246
627, 61.842424242424165
628, 61.89036624203814
629, 61.9312400635929
630, 61.979365079364975
631, 62.02765451664015
632, 62.06874999999988
633, 62.107266982622306
634, 62.146056782334256
635, 62.18661417322824
636, 62.2255503144653
637, 62.26475667189942
638, 62.305250783698966
639, 62.34460093896704
640, 62.3842187499999
641, 62.42464898595933
642, 62.46440809968836
643, 62.50443234836691
644, 62.5447981366458
645, 62.59201550387581
646, 62.63939628482956
647, 62.67998454404931
648, 62.72754629629615
649, 62.76741140215701
650, 62.80807692307679
651, 62.85576036866346
652, 62.9036042944784
653, 62.94448698315456
654, 62.99250764525983
655, 63.03992366412203
656, 63.081021341463305
657, 63.120547945205374
658, 63.168085106382875
659, 63.20925644916526
660, 63.25696969696955
661, 63.304841149772926
662, 63.346223564954535
663, 63.385294117646914
664, 63.42462349397576
665, 63.464887218044986
666, 63.50435435435423
667, 63.54407796101936
668, 63.58428143712565
669, 63.624140508221124
670, 63.67141791044766
671, 63.71169895678083
672, 63.75163690476182
673, 63.799034175334235
674, 63.83939169139452
675, 63.88696296296282
676, 63.93291420118328
677, 63.97348596750356
678, 64.01327433628305
679, 64.05935198821783
680, 64.09999999999987
681, 64.1462555066078
682, 64.19266862170075
683, 64.23352855051235
684, 64.28011695906423
685, 64.32686131386852
686, 64.36793002915442
687, 64.40735080058215
688, 64.45421511627897
689, 64.49535558780826
690, 64.54239130434767
691, 64.589580318379
692, 64.6309248554912
693, 64.66904761904749
694, 64.70742074927942
695, 64.74683453237398
696, 64.78534482758609
697, 64.82410329985642
698, 64.86346704871053
699, 64.9023605150214
700, 64.94149999999995
701, 64.98081312410835
702, 65.0200854700854
703, 65.05960170697007
704, 65.09886363636352
705, 65.13851063829776
706, 65.17839943342766
707, 65.21760961810459
708, 65.25762711864398
709, 65.29788434414661
710, 65.33704225352105
711, 65.38284106891695
712, 65.42879213483138
713, 65.46816269284709
714, 65.51428571428568
715, 65.55440559440555
716, 65.5938547486033
717, 65.64009762900972
718, 65.68649025069632
719, 65.72614742698181
720, 65.77270833333323
721, 65.81927877947285
722, 65.85914127423814
723, 65.89868603042868
724, 65.93846685082863
725, 65.9781379310344
726, 66.01804407713489
727, 66.05818431911958
728, 66.09780219780214
729, 66.13806584362135
730, 66.18410958904104
731, 66.22380300957585
732, 66.27001366120211
733, 66.31637107776255
734, 66.35626702997263
735, 66.39639455782302
736, 66.44286684782597
737, 66.48283582089542
738, 66.52947154471534
739, 66.57625169147485
740, 66.61641891891882
741, 66.66241565452081
742, 66.70235849056594
743, 66.74259757738892
744, 66.7887096774193
745, 66.83496644295298
746, 66.87540214477205
747, 66.92182061579646
748, 66.96838235294112
749, 67.00901201602125
750, 67.04866666666655
751, 67.09533954727019
752, 67.13603723404245
753, 67.17496679946868
754, 67.21412466843489
755, 67.25331125827806
756, 67.2925925925925
757, 67.3321003963011
758, 67.37124010554083
759, 67.41086956521733
760, 67.45664473684204
761, 67.49586070959258
762, 67.5417979002624
763, 67.58787680209691
764, 67.6272905759161
765, 67.67352941176458
766, 67.71298955613565
767, 67.75247718383298
768, 67.79882812499987
769, 67.84531859557855
770, 67.8849999999999
771, 67.93164721141365
772, 67.97713730569939
773, 68.0170116429495
774, 68.05620155038754
775, 68.10180645161284
776, 68.14175257731952
777, 68.18751608751602
778, 68.23341902313618
779, 68.27355584082144
780, 68.31961538461526
781, 68.35864276568489
782, 68.39884910485921
783, 68.43748403575977
784, 68.47633928571416
785, 68.51624203821648
786, 68.5552162849872
787, 68.59440914866575
788, 68.63426395939084
789, 68.67357414448666
790, 68.71310126582276
791, 68.75290771175723
792, 68.79255050505047
793, 68.8324085750315
794, 68.87216624685128
795, 68.91761006289298
796, 68.96319095477376
797, 69.00313676286062
798, 69.04862155388462
799, 69.08836045056312
800, 69.12837499999993
801, 69.17397003745312
802, 69.21970074812961
803, 69.25990037359898
804, 69.30578358208953
805, 69.35180124223601
806, 69.39218362282875
807, 69.43166047087976
808, 69.4777846534653
809, 69.51823238566121
810, 69.5645061728394
811, 69.61091245376069
812, 69.65153940886691
813, 69.69040590405895
814, 69.72948402948394
815, 69.76944785276068
816, 69.80863970588229
817, 69.84804161566701
818, 69.8879584352078
819, 69.9274725274725
820, 69.9731707317073
821, 70.01315468940312
822, 70.05900243308999
823, 70.10498177399752
824, 70.14514563106785
825, 70.19054545454534
826, 70.22990314769964
827, 70.27013301088262
828, 70.31564009661825
829, 70.36127864897458
830, 70.40168674698789
831, 70.44747292418766
832, 70.49338942307686
833, 70.53397358943576
834, 70.57308153477217
835, 70.61910179640718
836, 70.6597488038277
837, 70.70591397849458
838, 70.75220763723146
839, 70.7930274135875
840, 70.83946428571419
841, 70.87841854934591
842, 70.91929928741084
843, 70.9576512455515
844, 70.99620853080559
845, 71.03597633136089
846, 71.07464539007087
847, 71.11351829988187
848, 71.15324292452829
849, 71.19222614840989
850, 71.23141176470587
851, 71.27109283196235
852, 71.31038732394362
853, 71.3498827667057
854, 71.38951990632307
855, 71.42912280701744
856, 71.47330607476624
857, 71.5130105017502
858, 71.55734265734257
859, 71.60180442374846
860, 71.64168604651157
861, 71.68118466898949
862, 71.72575406032476
863, 71.76570104287369
864, 71.81041666666665
865, 71.85526011560692
866, 71.89538106235561
867, 71.94036908881196
868, 71.9854838709677
869, 72.02577675489057
870, 72.0649999999999
871, 72.11021814006878
872, 72.15057339449534
873, 72.1896334478808
874, 72.22889016018298
875, 72.26828571428567
876, 72.30764840182644
877, 72.34720638540475
878, 72.38656036446467
879, 72.42622298065983
880, 72.46607954545453
881, 72.50539160045399
882, 72.54994331065757
883, 72.5946206115515
884, 72.63410633484152
885, 72.67892655367221
886, 72.71867945823918
887, 72.75822998872596
888, 72.80315315315308
889, 72.8482002249718
890, 72.88792134831456
891, 72.93310886644215
892, 72.97841928251117
893, 73.0183090705487
894, 73.05782997762861
895, 73.10324022346366
896, 73.14319196428569
897, 73.18874024526195
898, 73.23440979955453
899, 73.2745272525027
900, 73.32033333333324
901, 73.35971143174241
902, 73.39988913525491
903, 73.43848283499437
904, 73.47726769911496
905, 73.51696132596679
906, 73.55584988962467
907, 73.59492833517083
908, 73.63458149779733
909, 73.67376237623759
910, 73.71313186813184
911, 73.75274423710204
912, 73.79698464912276
913, 73.84134720700982
914, 73.88112691466074
915, 73.92562841530047
916, 73.9649017467248
917, 74.0047437295528
918, 74.04934640522866
919, 74.09406964091394
920, 74.13407608695647
921, 74.17893593919646
922, 74.22391540130145
923, 74.26408450704223
924, 74.3031385281385
925, 74.34821621621619
926, 74.38844492440602
927, 74.43365695792878
928, 74.47898706896548
929, 74.51937567276634
930, 74.56483870967735
931, 74.60375939849617
932, 74.64420600858361
933, 74.68322615219714
934, 74.72243040685217
935, 74.76165775401066
936, 74.80619658119655
937, 74.85085378868726
938, 74.89024520255862
939, 74.92939297124599
940, 74.9741489361702
941, 75.01360255047818
942, 75.0584925690021
943, 75.10349946977728
944, 75.14311440677959
945, 75.1882539682539
946, 75.22727272727266
947, 75.2669482576557
948, 75.31218354430374
949, 75.35753424657528
950, 75.39736842105259
951, 75.4428496319663
952, 75.48844537815121
953, 75.52843651626443
954, 75.56724318658281
955, 75.61293193717277
956, 75.65298117154812
957, 75.69848484848484
958, 75.74410229645093
959, 75.784306569343
960, 75.83005208333326
961, 75.86873048907381
962, 75.90899168399163
963, 75.9469366562824
964, 75.98506224066385
965, 76.02518134715024
966, 76.06340579710142
967, 76.10180972078591
968, 76.14189049586777
969, 76.18039215686275
970, 76.21907216494846
971, 76.259114315139
972, 76.29789094650204
973, 76.33684480986636
974, 76.37684804928122
975, 76.41589743589735
976, 76.45512295081959
977, 76.49508700102348
978, 76.54003067484656
979, 76.585086823289
980, 76.6252040816326
981, 76.67038735983685
982, 76.715682281059
983, 76.75595116988809
984, 76.79496951219511
985, 76.84035532994922
986, 76.88067951318456
987, 76.92619047619046
988, 76.97181174089067
989, 77.01228513650142
990, 77.05803030303021
991, 77.09692230070627
992, 77.13744959677413
993, 77.18242698892239
994, 77.22751509054319
995, 77.26758793969842
996, 77.31280120481921
997, 77.35160481444326
998, 77.39173346693383
999, 77.437037037037
1000, 77.48114999999997
1001, 77.52142857142854
1002, 77.56566866267463
1003, 77.61001994017944
1004, 77.65044820717122
1005, 77.68905472636806
1006, 77.7334990059641
1007, 77.77398212512406
1008, 77.81855158730153
1009, 77.86323092170458
1010, 77.90386138613856
1011, 77.94866468842724
1012, 77.99357707509876
1013, 78.03435340572553
1014, 78.07273175542402
1015, 78.11773399014774
1016, 78.15856299212597
1017, 78.2036873156342
1018, 78.24891944990175
1019, 78.28989205103032
1020, 78.3281862745097
1021, 78.37350636630745
1022, 78.41453033268095
1023, 78.45229716520033
1024, 78.49023437499994
1025, 78.53004878048775
1026, 78.56807992202724
1027, 78.60628042843229
1028, 78.646060311284
1029, 78.68435374149655
1030, 78.72281553398054
1031, 78.76256062075655
1032, 78.80111434108527
1033, 78.83983543078412
1034, 78.8795454545454
1035, 78.91835748792265
1036, 78.95733590733586
1037, 78.99701060752166
1038, 79.0360789980732
1039, 79.08060635226177
1040, 79.1203365384615
1041, 79.16488952929872
1042, 79.20954894433777
1043, 79.24942473633747
1044, 79.29420498084289
1045, 79.33315789473683
1046, 79.37308795411093
1047, 79.4179560649475
1048, 79.46292938931302
1049, 79.50300285986648
1050, 79.54809523809519
1051, 79.59329210275922
1052, 79.63350760456271
1053, 79.67207977207974
1054, 79.7108159392789
1055, 79.75061611374406
1056, 79.78944128787877
1057, 79.82842951750234
1058, 79.86819470699432
1059, 79.90727101038715
1060, 79.95113207547168
1061, 79.99095193213952
1062, 80.03493408662904
1063, 80.07902163687679
1064, 80.11898496240596
1065, 80.16319248826287
1066, 80.20750469043146
1067, 80.2476101218369
1068, 80.28647003745316
1069, 80.33086997193637
1070, 80.37102803738317
1071, 80.41554621848738
1072, 80.46016791044775
1073, 80.50046598322459
1074, 80.53924581005585
1075, 80.58395348837207
1076, 80.62430297397772
1077, 80.66912720519964
1078, 80.71405380333954
1079, 80.75454124189058
1080, 80.79958333333327
1081, 80.83825161887135
1082, 80.87878927911272
1083, 80.91698984302859
1084, 80.9553505535055
1085, 80.99539170506911
1086, 81.03383977900552
1087, 81.0724471021159
1088, 81.11245404411763
1089, 81.15114784205691
1090, 81.19559633027521
1091, 81.23565536205318
1092, 81.2802197802198
1093, 81.32488563586462
1094, 81.36508226691035
1095, 81.40986301369855
1096, 81.45474452554737
1097, 81.49507748404737
1098, 81.5335610200364
1099, 81.57852593266603
1100, 81.61890909090909
1101, 81.663987284287
1102, 81.70916515426497
1103, 81.7496826835902
1104, 81.78808876811591
1105, 81.83334841628957
1106, 81.8739150090416
1107, 81.91928635953028
1108, 81.96475631768953
1109, 82.0054553651938
1110, 82.05103603603597
1111, 82.08933393339328
1112, 82.13008093525177
1113, 82.16810422282117
1114, 82.20628366247752
1115, 82.2459192825112
1116, 82.2841845878136
1117, 82.32260519247984
1118, 82.36220930232555
1119, 82.40071492403929
1120, 82.43937499999997
1121, 82.47894736842105
1122, 82.52366310160427
1123, 82.56847729296527
1124, 82.60818505338071
1125, 82.64679999999993
1126, 82.69169626998216
1127, 82.73145519077192
1128, 82.77646276595742
1129, 82.82156775907879
1130, 82.86146017699112
1131, 82.90667550839962
1132, 82.94518551236746
1133, 82.98512797881726
1134, 83.03042328042324
1135, 83.07581497797354
1136, 83.11588908450703
1137, 83.16138962181178
1138, 83.20698594024604
1139, 83.24719051799816
1140, 83.2855263157894
1141, 83.33120070113927
1142, 83.3714535901926
1143, 83.40914260717406
1144, 83.44698426573422
1145, 83.48711790393008
1146, 83.5250436300174
1147, 83.56312118570177
1148, 83.6032229965156
1149, 83.64138381201036
1150, 83.67969565217383
1151, 83.71976542137268
1152, 83.75815972222219
1153, 83.79670424978315
1154, 83.8367417677642
1155, 83.88108225108216
1156, 83.92551903114177
1157, 83.96568712186684
1158, 84.00418825561307
1159, 84.04870578084551
1160, 84.08892241379304
1161, 84.13354866494394
1162, 84.17827022375208
1163, 84.21861564918308
1164, 84.26344501718205
1165, 84.30184549356215
1166, 84.34223842195537
1167, 84.38714652956294
1168, 84.4315496575342
1169, 84.47207014542336
1170, 84.51658119658111
1171, 84.56118701964125
1172, 84.6018344709897
1173, 84.63989769820967
1174, 84.67810902896076
1175, 84.7181276595744
1176, 84.75642006802715
1177, 84.79485981308406
1178, 84.83484719864168
1179, 84.87883799830357
1180, 84.9173305084745
1181, 84.95736663844195
1182, 85.00143824027069
1183, 85.04560439560436
1184, 85.08576858108098
1185, 85.13004219409274
1186, 85.17440978077562
1187, 85.21470092670593
1188, 85.25303030303024
1189, 85.29747687132038
1190, 85.33781512605037
1191, 85.38236775818635
1192, 85.42701342281875
1193, 85.46747694886832
1194, 85.51222780569506
1195, 85.55046025104595
1196, 85.59096989966551
1197, 85.63579782790305
1198, 85.68071786310513
1199, 85.7213511259382
1200, 85.76637499999991
1201, 85.81040799333879
1202, 85.85116472545751
1203, 85.88857024106396
1204, 85.92612126245842
1205, 85.96601659751033
1206, 86.00364842454391
1207, 86.04142502071248
1208, 86.0812913907284
1209, 86.11914805624475
1210, 86.15714876033051
1211, 86.19698596201484
1212, 86.23506600660063
1213, 86.2732893652102
1214, 86.31309719934097
1215, 86.35139917695469
1216, 86.38984374999995
1217, 86.429622021364
1218, 86.46814449917898
1219, 86.51177194421656
1220, 86.55159836065573
1221, 86.5953316953317
1222, 86.63915711947625
1223, 86.6791087489779
1224, 86.71756535947709
1225, 86.76146938775507
1226, 86.80146818923328
1227, 86.84547677261614
1228, 86.88957654723127
1229, 86.92969894222941
1230, 86.97382113821133
1231, 87.01218521527208
1232, 87.0523538961039
1233, 87.09014598540145
1234, 87.12807941653159
1235, 87.16805668016191
1236, 87.206067961165
1237, 87.24421988682292
1238, 87.28416801292401
1239, 87.32239709443093
1240, 87.36076612903219
1241, 87.40068493150683
1242, 87.4391304347826
1243, 87.47771520514881
1244, 87.51760450160764
1245, 87.56112449799188
1246, 87.59975922953443
1247, 87.63969526864472
1248, 87.68329326923073
1249, 87.72698158526818
1250, 87.76703999999994
1251, 87.81083133493199
1252, 87.85471246006384
1253, 87.89489225857933
1254, 87.93337320574155
1255, 87.97733067729075
1256, 88.01755573248406
1257, 88.06161495624501
1258, 88.10576311605722
1259, 88.14610802223979
1260, 88.19035714285705
1261, 88.22874702616963
1262, 88.26913629160059
1263, 88.30744259699125
1264, 88.34588607594932
1265, 88.38577075098807
1266, 88.42867298578192
1267, 88.46716653512226
1268, 88.50709779179802
1269, 88.55007880220637
1270, 88.59314960629912
1271, 88.63320220298974
1272, 88.67637578616349
1273, 88.71963864886092
1274, 88.75981161695438
1275, 88.798156862745
1276, 88.84149686520367
1277, 88.88171495693025
1278, 88.92515649452264
1279, 88.96868647380761
1280, 89.00902343749992
1281, 89.05265417642458
1282, 89.09091263650538
1283, 89.13129384255642
1284, 89.17499999999991
1285, 89.21856031128395
1286, 89.2590590979782
1287, 89.30271950271947
1288, 89.34646739130432
1289, 89.38708301008526
1290, 89.42519379844953
1291, 89.46901626646003
1292, 89.50967492260058
1293, 89.54706109822116
1294, 89.58458268933536
1295, 89.62420849420843
1296, 89.6618055555555
1297, 89.69953739398606
1298, 89.73913713405234
1299, 89.77694380292529
1300, 89.81488461538457
1301, 89.8544581091468
1302, 89.89247311827957
1303, 89.93062164236377
1304, 89.9701687116564
1305, 90.00839080459767
1306, 90.04674578866765
1307, 90.08626625860751
1308, 90.12469418960247
1309, 90.16325439266618
1310, 90.20274809160304
1311, 90.24603356216626
1312, 90.28940548780486
1313, 90.32901751713632
1314, 90.37248858447487
1315, 90.4160456273764
1316, 90.45577507598787
1317, 90.49943052391802
1318, 90.53782245827013
1319, 90.57759666413948
1320, 90.62132575757575
1321, 90.66514004542012
1322, 90.70503025718611
1323, 90.74278155706729
1324, 90.78066465256799
1325, 90.82045283018866
1326, 90.8584087481146
1327, 90.8964958553127
1328, 90.93625753012047
1329, 90.97441685477801
1330, 91.01270676691726
1331, 91.05244177310293
1332, 91.0908033033033
1333, 91.12929482370592
1334, 91.1690029985007
1335, 91.21220973782768
1336, 91.25074850299397
1337, 91.29050112191472
1338, 91.3337817638266
1339, 91.37714712471991
1340, 91.41701492537308
1341, 91.46047725577921
1342, 91.5040238450074
1343, 91.54400595681307
1344, 91.58240327380948
1345, 91.62602230483267
1346, 91.66604754829122
1347, 91.70976243504083
1348, 91.75356083086052
1349, 91.79369903632316
1350, 91.832037037037
1351, 91.87590673575126
1352, 91.91608727810649
1353, 91.95402808573539
1354, 91.9920974889217
1355, 92.03151291512908
1356, 92.06965339233032
1357, 92.1079218865143
1358, 92.14731222385856
1359, 92.18999264164822
1360, 92.23275735294112
1361, 92.27226304188095
1362, 92.31512481644639
1363, 92.35807043286866
1364, 92.39769061583574
1365, 92.43582417582414
1366, 92.47884333821372
1367, 92.51850768105338
1368, 92.56162280701753
1369, 92.60482103725344
1370, 92.64459854014592
1371, 92.68789204959876
1372, 92.72594752186582
1373, 92.76576839038596
1374, 92.8091339155749
1375, 92.85192727272721
1376, 92.89186046511625
1377, 92.93474945533767
1378, 92.97772133526847
1379, 93.01776649746189
1380, 93.05568840579707
1381, 93.09873280231713
1382, 93.13882054992762
1383, 93.17635574837308
1384, 93.21401734104045
1385, 93.25364620938622
1386, 93.291378066378
1387, 93.3292357606344
1388, 93.36884005763686
1389, 93.40676745860328
1390, 93.44482014388487
1391, 93.48439971243708
1392, 93.52252155172413
1393, 93.560768126346
1394, 93.60032281205166
1395, 93.63863799283155
1396, 93.67707736389686
1397, 93.71660701503221
1398, 93.75919170243203
1399, 93.80185847033594
1400, 93.84149999999994
1401, 93.87990720913626
1402, 93.92264621968609
1403, 93.96233071988594
1404, 94.0051638176638
1405, 94.04807829181492
1406, 94.08787339971548
1407, 94.13088130774696
1408, 94.16921164772725
1409, 94.20904897090136
1410, 94.25212765957448
1411, 94.29457831325303
1412, 94.3345254957507
1413, 94.37225760792637
1414, 94.41011315417254
1415, 94.44982332155473
1416, 94.4877471751412
1417, 94.52579393083975
1418, 94.56547954866005
1419, 94.60359408033823
1420, 94.64183098591545
1421, 94.68149190710764
1422, 94.71979606188464
1423, 94.76184118060432
1424, 94.8015449438202
1425, 94.84368421052629
1426, 94.88590462833096
1427, 94.9257182901191
1428, 94.96397058823524
1429, 95.00626312106363
1430, 95.0461188811188
1431, 95.08850454227806
1432, 95.130970670391
1433, 95.17093510118627
1434, 95.21349372384933
1435, 95.25613240418113
1436, 95.29620473537601
1437, 95.334307585247
1438, 95.37701668984697
1439, 95.41712995135507
1440, 95.4599305555555
1441, 95.50218598195693
1442, 95.54240638002771
1443, 95.58004158004157
1444, 95.6177977839335
1445, 95.65750865051893
1446, 95.69533195020738
1447, 95.73327574291629
1448, 95.77296270718227
1449, 95.81097308488609
1450, 95.84910344827583
1451, 95.88876636802202
1452, 95.92696280991733
1453, 95.96527873365449
1454, 96.00491746905087
1455, 96.04676975945014
1456, 96.08513049450546
1457, 96.1248112560055
1458, 96.16673525377229
1459, 96.20873886223441
1460, 96.2485273972602
1461, 96.29062286105399
1462, 96.33279753761963
1463, 96.37269309637729
1464, 96.41092896174862
1465, 96.45317406143343
1466, 96.49311050477485
1467, 96.53544648943418
1468, 96.5778610354223
1469, 96.61790333560242
1470, 96.66040816326527
1471, 96.69857239972804
1472, 96.73865489130436
1473, 96.77620502376104
1474, 96.81387381275441
1475, 96.85305084745755
1476, 96.890785907859
1477, 96.92863913337837
1478, 96.96779431664407
1479, 97.00571331981064
1480, 97.04374999999995
1481, 97.08288318703566
1482, 97.12098515519556
1483, 97.1592043155764
1484, 97.19831536388132
1485, 97.23659932659923
1486, 97.27499999999989
1487, 97.31408876933416
1488, 97.35255376344078
1489, 97.39392209536595
1490, 97.433053691275
1491, 97.47451374916147
1492, 97.51605227882023
1493, 97.55529135967839
1494, 97.59692101740283
1495, 97.6353177257524
1496, 97.67459893048114
1497, 97.71629926519692
1498, 97.75807743658196
1499, 97.797464976651
1500, 97.83933333333323
1501, 97.88127914723508
1502, 97.92077230359511
1503, 97.95864936793072
1504, 97.99664228723395
1505, 98.03604651162775
1506, 98.07410358565723
1507, 98.11227604512261
1508, 98.1516578249336
1509, 98.18989396951615
1510, 98.2282450331125
1511, 98.26760423560545
1512, 98.3088955026454
1513, 98.34729015201576
1514, 98.38669088507257
1515, 98.42805280528043
1516, 98.46949208443262
1517, 98.50899802241257
1518, 98.55052700922258
1519, 98.59213298222507
1520, 98.63174342105249
1521, 98.67343852728455
1522, 98.7116951379762
1523, 98.75134602757707
1524, 98.79311023622039
1525, 98.83495081967204
1526, 98.87470511140225
1527, 98.91630648330049
1528, 98.95451570680616
1529, 98.99431000654012
1530, 99.03598039215676
1531, 99.07772697583269
1532, 99.11762402088765
1533, 99.15502283105015
1534, 99.19253585397647
1535, 99.23162866449495
1536, 99.26920572916652
1537, 99.306896551724
1538, 99.34596879063712
1539, 99.38372319688102
1540, 99.42159090909085
1541, 99.46064243997395
1542, 99.49857328145258
1543, 99.5366169799092
1544, 99.57564766839374
1545, 99.61695792880253
1546, 99.65834411384213
1547, 99.69747899159663
1548, 99.73895348837208
1549, 99.77695287282116
1550, 99.81612903225795
1551, 99.85767246937448
1552, 99.8992912371133
1553, 99.93857050869282
1554, 99.98027670527667
1555, 100.02205787781348
1556, 100.06143958868887
1557, 100.10330764290295
1558, 100.1411745827984
1559, 100.18059653624114
1560, 100.22253205128202
1561, 100.26454196028182
1562, 100.30406530089627
1563, 100.34152271273192
1564, 100.37909207161125
1565, 100.41859424920119
1566, 100.45622605363977
1567, 100.49396936821945
1568, 100.53345025510201
1569, 100.57125557680048
1570, 100.60917197452227
1571, 100.64863144493951
1572, 100.68660941475825
1573, 100.72469802924347
1574, 100.76413595933924
1575, 100.8022857142857
1576, 100.84054568527918
1577, 100.87996195307548
1578, 100.92088086185048
1579, 100.9618746041799
1580, 101.00139240506323
1581, 101.04247311827952
1582, 101.083628318584
1583, 101.12324699936828
1584, 101.16139520202017
1585, 101.20261829652995
1586, 101.24227616645649
1587, 101.28358538122242
1588, 101.3249685138539
1589, 101.36472624292007
1590, 101.4058176100629
1591, 101.44390320553111
1592, 101.48369974874373
1593, 101.5213433772756
1594, 101.55909661229613
1595, 101.59849529780557
1596, 101.63630952380946
1597, 101.67423293675637
1598, 101.71361076345434
1599, 101.75159474671673
1600, 101.78968750000004
1601, 101.82904434728297
1602, 101.86975655430714
1603, 101.91054273237681
1604, 101.95000000000005
1605, 101.99087227414334
1606, 102.03181818181822
1607, 102.07137523335413
1608, 102.10935945273637
1609, 102.15037290242392
1610, 102.18996894409935
1611, 102.23106765983857
1612, 102.27223945409426
1613, 102.31193428394299
1614, 102.35319083023546
1615, 102.39111455108362
1616, 102.43084777227725
1617, 102.47217068645642
1618, 102.51356613102598
1619, 102.55339715874001
1620, 102.59487654320992
1621, 102.63562615669343
1622, 102.67555487053026
1623, 102.71263093037591
1624, 102.74981527093603
1625, 102.7890461538461
1626, 102.82629151291509
1627, 102.86364474492927
1628, 102.90285626535629
1629, 102.94027010435853
1630, 102.97779141104297
1631, 103.01698344573883
1632, 103.05456495098042
1633, 103.09225352112679
1634, 103.13142594859247
1635, 103.16917431192667
1636, 103.20702933985336
1637, 103.24618204031775
1638, 103.28409645909655
1639, 103.32211714460047
1640, 103.36124999999998
1641, 103.3993296770262
1642, 103.43751522533495
1643, 103.47662811929403
1644, 103.51487226277378
1645, 103.55516717325233
1646, 103.59431956257599
1647, 103.63469945355197
1648, 103.67515169902917
1649, 103.7144026682839
1650, 103.75493939393948
1651, 103.79312537855853
1652, 103.83241525423739
1653, 103.87005444646107
1654, 103.90779927448618
1655, 103.94664652567975
1656, 103.98445048309176
1657, 104.02235968617981
1658, 104.06118817852837
1659, 104.09915611814348
1660, 104.13722891566266
1661, 104.17603853100543
1662, 104.21416967509026
1663, 104.25240529164161
1664, 104.29119591346156
1665, 104.3294894894895
1666, 104.36947779111648
1667, 104.40830833833236
1668, 104.44664268585136
1669, 104.48669862192932
1670, 104.52556886227539
1671, 104.56570915619383
1672, 104.60592105263152
1673, 104.64488942020323
1674, 104.68518518518519
1675, 104.72346268656716
1676, 104.76247016706444
1677, 104.80283243887895
1678, 104.84326579261025
1679, 104.88237045860633
1680, 104.92288690476192
1681, 104.96347412254613
1682, 105.00267538644472
1683, 105.04025549613786
1684, 105.07793942992876
1685, 105.11635014836787
1686, 105.15409252669032
1687, 105.19193835210424
1688, 105.23033175355451
1689, 105.26823564239196
1690, 105.3062426035503
1691, 105.34461856889413
1692, 105.38268321513
1693, 105.42259303012403
1694, 105.46100944510036
1695, 105.50100294985252
1696, 105.54106721698115
1697, 105.57958161461403
1698, 105.6176089517079
1699, 105.65773984696881
1700, 105.69629411764699
1701, 105.73650793650786
1702, 105.77679200940062
1703, 105.81544333529067
1704, 105.85580985915495
1705, 105.89378299120236
1706, 105.93247362250878
1707, 105.97290568248388
1708, 106.0134074941452
1709, 106.05219426565243
1710, 106.0927777777778
1711, 106.133430742256
1712, 106.17231308411215
1713, 106.20960303561003
1714, 106.24699533255541
1715, 106.28580174927104
1716, 106.32325174825165
1717, 106.36080372743146
1718, 106.39959254947611
1719, 106.4372018615474
1720, 106.47491279069764
1721, 106.51368390470651
1722, 106.55145180023223
1723, 106.58932095182814
1724, 106.62807424593963
1725, 106.66599999999995
1726, 106.70402665121664
1727, 106.74276201505494
1728, 106.78084490740733
1729, 106.82044534412948
1730, 106.85921965317904
1731, 106.89890236857293
1732, 106.93865473441093
1733, 106.97752452394685
1734, 107.015570934256
1735, 107.0553890489913
1736, 107.09429723502296
1737, 107.13419689119164
1738, 107.17416570770993
1739, 107.21316848763651
1740, 107.25321839080453
1741, 107.29121194715674
1742, 107.33025258323758
1743, 107.36784279977044
1744, 107.40553325688067
1745, 107.44375358166178
1746, 107.48150057273757
1747, 107.51934745277607
1748, 107.55755148741416
1749, 107.59708404802743
1750, 107.63668571428569
1751, 107.67498572244425
1752, 107.71466894977162
1753, 107.75248146035362
1754, 107.79082098061569
1755, 107.83056980056975
1756, 107.8703872437357
1757, 107.90882185543535
1758, 107.9487201365187
1759, 107.98868675383734
1760, 108.02721590909081
1761, 108.06493469619525
1762, 108.10496594778651
1763, 108.14353374929098
1764, 108.18364512471655
1765, 108.22382436260622
1766, 108.26248584371456
1767, 108.3027447651386
1768, 108.34041289592754
1769, 108.37911249293381
1770, 108.41943502824853
1771, 108.459824957651
1772, 108.49861738148977
1773, 108.53581500282002
1774, 108.57311161217581
1775, 108.61171830985907
1776, 108.64907094594587
1777, 108.68652222847489
1778, 108.72511248593923
1779, 108.76261944912872
1780, 108.80022471910112
1781, 108.8387984278495
1782, 108.87645903479236
1783, 108.91421761076836
1784, 108.95277466367712
1785, 108.99058823529411
1786, 109.02849944008958
1787, 109.0670397313934
1788, 109.10500559284117
1789, 109.14446618222472
1790, 109.1830446927374
1791, 109.222585147962
1792, 109.26057477678567
1793, 109.29919129949808
1794, 109.3387959866221
1795, 109.37846796657384
1796, 109.41717706013365
1797, 109.45692821368951
1798, 109.4967463848721
1799, 109.53554752640355
1800, 109.57344444444443
1801, 109.61332593003885
1802, 109.65216426193118
1803, 109.68954520244036
1804, 109.72702328159643
1805, 109.76567867036007
1806, 109.80321151716495
1807, 109.84084117321522
1808, 109.8794800884956
1809, 109.91716417910449
1810, 109.9564640883978
1811, 109.99514080618438
1812, 110.03286423841055
1813, 110.07222835079973
1814, 110.11094266813667
1815, 110.15038567493109
1816, 110.18989537444929
1817, 110.2287011557512
1818, 110.26828932893287
1819, 110.30596481583284
1820, 110.34480769230764
1821, 110.3844590884129
1822, 110.42417672886931
1823, 110.46311025781678
1824, 110.50290570175439
1825, 110.54276712328766
1826, 110.58179079956184
1827, 110.61937602627253
1828, 110.65929978118157
1829, 110.69835975943134
1830, 110.73836065573767
1831, 110.77842708902236
1832, 110.81757641921394
1833, 110.85469176213853
1834, 110.89190294438383
1835, 110.93038147138958
1836, 110.96764705882347
1837, 111.00500816548715
1838, 111.04347116430903
1839, 111.08088635127787
1840, 111.11839673913043
1841, 111.15684410646385
1842, 111.19440825190009
1843, 111.23206728160605
1844, 111.27049891540128
1845, 111.3082113821138
1846, 111.3460184182015
1847, 111.38443421765024
1848, 111.42229437229437
1849, 111.46149269875608
1850, 111.49994594594591
1851, 111.53922204213936
1852, 111.57856371490277
1853, 111.61710739341609
1854, 111.65652642934198
1855, 111.69433962264152
1856, 111.73292025862067
1857, 111.77240172320946
1858, 111.81194833153926
1859, 111.85061861215705
1860, 111.89024193548384
1861, 111.92993014508326
1862, 111.96868958109559
1863, 112.00598497047773
1864, 112.04337446351931
1865, 112.08163538873993
1866, 112.11907824222936
1867, 112.15661489019817
1868, 112.19486081370452
1869, 112.23245050829324
1870, 112.27013368983961
1871, 112.30836451095674
1872, 112.34610042735045
1873, 112.38392952482651
1874, 112.42214514407685
1875, 112.46002666666668
1876, 112.4980010660981
1877, 112.53620138518919
1878, 112.575159744409
1879, 112.61317189994683
1880, 112.65140957446812
1881, 112.69043062200959
1882, 112.7295164718385
1883, 112.76784386617106
1884, 112.80700636942682
1885, 112.84623342175072
1886, 112.88465005302233
1887, 112.92257551669323
1888, 112.96186440677972
1889, 113.00031762837483
1890, 113.03968253968257
1891, 113.07911158117402
1892, 113.11765327695566
1893, 113.1550184891707
1894, 113.19247624076037
1895, 113.23047493403699
1896, 113.26798523206756
1897, 113.30558777016347
1898, 113.34357218124349
1899, 113.3812269615588
1900, 113.41897368421061
1901, 113.4569437138349
1902, 113.49474237644593
1903, 113.53394640042046
1904, 113.57195378151268
1905, 113.61076115485572
1906, 113.64963273871992
1907, 113.68772941793401
1908, 113.72667714884703
1909, 113.76443163960195
1910, 113.80256544502623
1911, 113.84157509157515
1912, 113.8806485355649
1913, 113.91887088342925
1914, 113.9580198537096
1915, 113.9972323759792
1916, 114.03554279749484
1917, 114.07321335419934
1918, 114.11248696558921
1919, 114.15083376758736
1920, 114.19018229166674
1921, 114.22959396147847
1922, 114.26802809573368
1923, 114.30535621424863
1924, 114.34277546777552
1925, 114.38072727272734
1926, 114.41819833852551
1927, 114.45576024909191
1928, 114.49369813278017
1929, 114.53131156039406
1930, 114.56901554404152
1931, 114.60693940963237
1932, 114.64469461697728
1933, 114.68383341955514
1934, 114.72179420889354
1935, 114.76074935400523
1936, 114.79976756198351
1937, 114.83781621063504
1938, 114.87690918472656
1939, 114.91462093862819
1940, 114.95270618556705
1941, 114.99185986604849
1942, 115.03107621009273
1943, 115.06924858466294
1944, 115.10853909465027
1945, 115.14789203084838
1946, 115.18615107913674
1947, 115.22378017462768
1948, 115.26319301848055
1949, 115.30148794253469
1950, 115.34097435897442
1951, 115.38052280881605
1952, 115.41890368852464
1953, 115.45588837685617
1954, 115.49296315250773
1955, 115.5308184143223
1956, 115.56794478527611
1957, 115.6051609606541
1958, 115.6430030643514
1959, 115.68027054619706
1960, 115.71762755102043
1961, 115.75545639979605
1962, 115.7928644240571
1963, 115.83036169128886
1964, 115.86817718940938
1965, 115.9057251908397
1966, 115.94498982706004
1967, 115.98284189120491
1968, 116.0216717479675
1969, 116.05924327069582
1970, 116.09713197969545
1971, 116.13602232369358
1972, 116.17497464503045
1973, 116.21294982260518
1974, 116.25197568389059
1975, 116.29106329113925
1976, 116.32912449392714
1977, 116.36661608497727
1978, 116.4057633973711
1979, 116.44386053562407
1980, 116.48308080808083
1981, 116.52236244321051
1982, 116.56054490413726
1983, 116.5975037821483
1984, 116.63455141129036
1985, 116.67231738035268
1986, 116.7094159113797
1987, 116.74660291897337
1988, 116.78435613682096
1989, 116.82159376571146
1990, 116.85891959799
1991, 116.89665996986442
1992, 116.93403614457834
1993, 116.97150025087811
1994, 117.00922768304919
1995, 117.04827067669177
1996, 117.08577154308621
1997, 117.12353530295448
1998, 117.16263763763769
1999, 117.20125062531271
2000, 117.23910000000006
